9 9
      1.00       1.00       1.00       1.00       1.00       1.00       1.00       1.00       1.00 
      1.00       1.00       1.00       1.00       1.00       1.00       1.00       1.00       1.00 
      1.00       0.00       0.00       1.00       1.00       0.00       0.00       1.00       1.00 
      1.00       0.00       0.00       1.00       1.00       0.00       0.00       1.00       1.00 
      1.00       1.00       1.00       0.00       0.00       1.00       1.00       1.00       1.00 
      1.00       1.00       0.00       0.00       0.00       0.00       1.00       1.00       1.00 
      1.00       1.00       0.00       0.00       0.00       0.00       1.00       1.00       1.00 
      1.00       1.00       0.00       1.00       1.00       0.00       1.00       1.00       1.00 
      1.00       1.00       1.00       1.00       1.00       1.00       1.00       1.00       1.00 
